50
5 4 0 2 0
6 8 2 2 0
8 6 4 5 7
4 3 3 2 1
4 9 0 4 7
9 7 7 5 0
7 3 2 1 9
7 5 1 1 8
6 5 2 0 6
3 5 2 4 0
97 27 60 22 85
69 64 67 36 94
65 57 20 23 95
96 52 76 26 23
98 20 8 16 90
39 13 24 6 30
50 92 27 29 67
84 52 58 44 24
78 15 60 1 39
81 22 80 15 60
57 78 21 29 881334076
61 38 1 28 848311983
92 72 35 9 971203846
97 75 78 41 912516175
75 59 6 46 840315355
60 42 40 23 968612821
10 50 1 23 978065470
58 46 30 36 989191178
12 74 11 25 895792877
49 76 36 21 886354167
14899 11088 3427 2492 8239
19554 15352 9431 7698 9486
16325 19377 1411 19211 10852
10206 14716 4702 2659 10568
15596 13959 9592 12700 11990
10673 19800 2916 2197 8682
18236 14297 9142 11413 8429
15362 18342 9054 12409 9328
10620 18838 9577 13246 7497
16909 11915 6255 4052 8182
746880134 412373276 562195007 304918474 805840875
801185131 310252252 348227028 94740192 800618001
213203710 709183789 14158908 532320254 876372576
816080080 637709546 761550838 11773214 897012060
774764599 176143834 5228052 74230818 984679190
334367747 414714566 230490117 54005615 906302245
168652287 245029447 100804938 50125992 951957377
277032749 583945264 229562236 257369249 819694464
315343983 390979839 281394605 236933277 994184023
657767182 469449065 216359206 257601840 981222279
