50
6 8 3 1 0
3 4 2 0 2
4 4 0 2 2
5 4 2 1 1
7 4 5 0 1
4 8 3 3 7
8 9 5 3 6
5 2 4 1 7
4 2 3 1 2
3 4 1 0 7
35 10 27 2 76
73 18 33 6 47
21 88 13 80 90
58 29 8 20 61
49 81 5 62 88
87 50 46 32 94
90 19 46 3 23
32 27 22 26 14
31 18 9 6 33
96 44 70 23 37
65 16 55 8 990603881
58 70 33 48 996490692
75 50 23 42 836897804
77 54 17 33 924634671
78 44 26 16 869536540
45 81 10 48 881242650
92 67 10 22 831842499
99 20 90 10 926039790
63 18 9 17 987702590
67 56 26 47 983385119
13230 15261 3243 10336 9138
15344 10109 6909 7327 10248
12951 15893 9737 2628 8437
12167 19021 6039 4788 7211
10519 10234 9909 1852 7213
15153 15322 1485 4790 9545
12678 16942 5957 14075 9126
17649 19529 3948 4355 10830
11835 10901 6588 3709 8770
16160 16374 6271 13479 11052
266252355 852683761 213222511 448424918 815810955
917184499 118300072 103708130 24317834 806373784
729801527 707637440 159995551 142622038 807975274
218274204 438079687 128026951 21368730 885417637
731044986 737965978 134833552 466212753 994933833
613671660 804727222 477198547 401093804 899340463
301320612 319862511 100578740 146492343 868287429
572867884 515505750 440851733 462749013 938740512
745477637 423562040 900316 264588595 918700430
506869579 506065271 456780117 247105463 894189414
