50
5 7 0 3 3
4 4 0 1 1
5 6 3 4 7
3 8 2 2 2
2 3 1 1 3
6 4 1 3 5
7 4 5 0 8
2 4 0 0 1
6 9 3 5 5
7 6 4 4 1
93 56 77 36 33
75 97 51 86 32
97 82 60 48 12
76 40 72 28 70
29 44 14 14 66
10 61 4 6 95
47 77 21 64 68
37 12 22 5 47
11 18 5 1 90
83 95 26 31 55
52 90 20 49 920043000
18 59 2 43 935374223
41 82 26 67 973575919
41 35 34 15 925882326
73 21 54 10 873182150
58 37 35 26 851803268
42 44 36 36 925255313
20 54 2 12 848415869
48 36 29 11 836855593
42 52 24 14 817059944
17584 14891 3941 985 7785
12235 13450 7252 8534 11210
19562 12376 18254 6460 10973
10129 13303 9672 6536 7249
19630 18982 14057 15499 8833
10831 11256 1201 7761 9166
17371 10026 5309 3094 8388
12843 12395 7743 6873 10979
11753 18700 202 12870 10633
11680 16699 10048 10287 11143
102768537 351408720 86372644 166287615 910496204
801837662 127630958 221888488 30210483 907537047
281687330 278388812 216914105 139805328 967188972
509121166 499268584 383270201 416868709 827324074
919810346 713770462 275582082 463687130 829503384
791867759 437686086 236806436 298031703 912411528
130836931 904060937 100478084 138065472 824574712
179349157 943964071 79364943 657429321 901805513
112259069 939116651 48824642 69322196 823382392
399899650 270076365 322952026 34578274 986945074
